8.630000000000000000e+02
8.640000000000000000e+02
8.650000000000000000e+02
8.660000000000000000e+02
8.730000000000000000e+02
8.740000000000000000e+02
8.750000000000000000e+02
8.760000000000000000e+02
8.850000000000000000e+02
8.860000000000000000e+02
8.870000000000000000e+02
8.880000000000000000e+02
8.890000000000000000e+02
8.900000000000000000e+02
8.910000000000000000e+02
8.920000000000000000e+02
8.930000000000000000e+02
8.940000000000000000e+02
9.030000000000000000e+02
9.040000000000000000e+02
9.050000000000000000e+02
9.060000000000000000e+02
9.070000000000000000e+02
9.080000000000000000e+02
9.090000000000000000e+02
9.100000000000000000e+02
9.110000000000000000e+02
9.120000000000000000e+02
9.130000000000000000e+02
9.290000000000000000e+02
9.300000000000000000e+02
9.410000000000000000e+02
9.420000000000000000e+02
9.430000000000000000e+02
9.440000000000000000e+02
9.450000000000000000e+02
9.460000000000000000e+02
9.470000000000000000e+02
9.480000000000000000e+02
9.490000000000000000e+02
9.500000000000000000e+02
9.510000000000000000e+02
9.520000000000000000e+02
9.530000000000000000e+02
9.540000000000000000e+02
9.550000000000000000e+02
9.560000000000000000e+02
9.570000000000000000e+02
9.580000000000000000e+02
9.590000000000000000e+02
9.600000000000000000e+02
9.610000000000000000e+02
9.620000000000000000e+02
9.630000000000000000e+02
9.640000000000000000e+02
9.650000000000000000e+02
9.660000000000000000e+02
9.670000000000000000e+02
9.680000000000000000e+02
9.690000000000000000e+02
9.700000000000000000e+02
9.710000000000000000e+02
9.720000000000000000e+02
9.730000000000000000e+02
9.740000000000000000e+02
9.750000000000000000e+02
9.760000000000000000e+02
9.770000000000000000e+02
9.780000000000000000e+02
9.790000000000000000e+02
9.800000000000000000e+02
9.810000000000000000e+02
9.820000000000000000e+02
9.830000000000000000e+02
9.840000000000000000e+02
9.850000000000000000e+02
9.860000000000000000e+02
9.870000000000000000e+02
9.880000000000000000e+02
9.890000000000000000e+02
9.900000000000000000e+02
9.910000000000000000e+02
9.920000000000000000e+02
9.930000000000000000e+02
9.940000000000000000e+02
9.950000000000000000e+02
9.960000000000000000e+02
9.970000000000000000e+02
9.980000000000000000e+02
9.990000000000000000e+02
1.000000000000000000e+03
1.001000000000000000e+03
1.002000000000000000e+03
1.003000000000000000e+03
1.004000000000000000e+03
1.005000000000000000e+03
1.006000000000000000e+03
1.007000000000000000e+03
1.008000000000000000e+03
1.009000000000000000e+03
1.010000000000000000e+03
1.011000000000000000e+03
1.012000000000000000e+03
1.013000000000000000e+03
1.014000000000000000e+03
1.015000000000000000e+03
1.016000000000000000e+03
1.017000000000000000e+03
1.018000000000000000e+03
1.019000000000000000e+03
1.020000000000000000e+03
1.021000000000000000e+03
1.022000000000000000e+03
1.023000000000000000e+03
1.024000000000000000e+03
1.025000000000000000e+03
1.026000000000000000e+03
1.027000000000000000e+03
1.028000000000000000e+03
1.029000000000000000e+03
1.030000000000000000e+03
1.031000000000000000e+03
1.032000000000000000e+03
1.033000000000000000e+03
1.034000000000000000e+03
1.035000000000000000e+03
1.036000000000000000e+03
1.037000000000000000e+03
1.038000000000000000e+03
1.039000000000000000e+03
1.040000000000000000e+03
1.041000000000000000e+03
1.042000000000000000e+03
1.043000000000000000e+03
1.044000000000000000e+03
1.045000000000000000e+03
1.046000000000000000e+03
1.047000000000000000e+03
1.048000000000000000e+03
1.049000000000000000e+03
1.050000000000000000e+03
1.051000000000000000e+03
1.052000000000000000e+03
1.053000000000000000e+03
1.054000000000000000e+03
1.055000000000000000e+03
1.056000000000000000e+03
1.057000000000000000e+03
1.058000000000000000e+03
1.059000000000000000e+03
1.060000000000000000e+03
1.061000000000000000e+03
1.062000000000000000e+03
1.063000000000000000e+03
1.064000000000000000e+03
1.065000000000000000e+03
1.066000000000000000e+03
1.067000000000000000e+03
1.068000000000000000e+03
1.069000000000000000e+03
1.070000000000000000e+03
1.071000000000000000e+03
1.072000000000000000e+03
1.073000000000000000e+03
1.074000000000000000e+03
1.075000000000000000e+03
1.076000000000000000e+03
1.077000000000000000e+03
1.078000000000000000e+03
1.079000000000000000e+03
1.080000000000000000e+03
1.081000000000000000e+03
1.082000000000000000e+03
1.083000000000000000e+03
1.084000000000000000e+03
1.085000000000000000e+03
1.086000000000000000e+03
1.087000000000000000e+03
1.089000000000000000e+03
1.090000000000000000e+03
1.091000000000000000e+03
1.092000000000000000e+03
1.093000000000000000e+03
1.094000000000000000e+03
1.095000000000000000e+03
1.096000000000000000e+03
1.097000000000000000e+03
1.098000000000000000e+03
1.099000000000000000e+03
1.100000000000000000e+03
1.101000000000000000e+03
1.102000000000000000e+03
1.103000000000000000e+03
1.104000000000000000e+03
1.105000000000000000e+03
1.106000000000000000e+03
1.107000000000000000e+03
1.108000000000000000e+03
1.109000000000000000e+03
1.110000000000000000e+03
1.113000000000000000e+03
1.114000000000000000e+03
1.115000000000000000e+03
1.116000000000000000e+03
1.117000000000000000e+03
1.118000000000000000e+03
1.119000000000000000e+03
1.120000000000000000e+03
1.121000000000000000e+03
1.122000000000000000e+03
1.123000000000000000e+03
1.124000000000000000e+03
1.125000000000000000e+03
1.126000000000000000e+03
1.127000000000000000e+03
1.128000000000000000e+03
1.129000000000000000e+03
1.130000000000000000e+03
1.131000000000000000e+03
1.132000000000000000e+03
1.133000000000000000e+03
1.134000000000000000e+03
1.135000000000000000e+03
1.136000000000000000e+03
1.137000000000000000e+03
1.138000000000000000e+03
1.139000000000000000e+03
1.140000000000000000e+03
1.141000000000000000e+03
1.142000000000000000e+03
1.143000000000000000e+03
1.144000000000000000e+03
1.145000000000000000e+03
1.146000000000000000e+03
1.163000000000000000e+03
1.164000000000000000e+03
1.179000000000000000e+03
1.180000000000000000e+03
1.181000000000000000e+03
1.182000000000000000e+03
1.183000000000000000e+03
1.184000000000000000e+03
1.205000000000000000e+03
1.206000000000000000e+03
1.207000000000000000e+03
1.208000000000000000e+03
1.227000000000000000e+03
1.228000000000000000e+03
1.229000000000000000e+03
1.230000000000000000e+03
1.231000000000000000e+03
1.232000000000000000e+03
1.233000000000000000e+03
1.234000000000000000e+03
1.291000000000000000e+03
1.292000000000000000e+03
1.295000000000000000e+03
1.296000000000000000e+03
1.309000000000000000e+03
1.310000000000000000e+03
1.329000000000000000e+03
1.331000000000000000e+03
1.332000000000000000e+03
1.333000000000000000e+03
1.334000000000000000e+03
1.335000000000000000e+03
1.336000000000000000e+03
1.337000000000000000e+03
1.338000000000000000e+03
1.339000000000000000e+03
1.340000000000000000e+03
1.341000000000000000e+03
1.342000000000000000e+03
1.343000000000000000e+03
1.344000000000000000e+03
1.345000000000000000e+03
1.346000000000000000e+03
1.347000000000000000e+03
1.348000000000000000e+03
1.349000000000000000e+03
1.350000000000000000e+03
1.351000000000000000e+03
1.352000000000000000e+03
1.353000000000000000e+03
1.354000000000000000e+03
1.355000000000000000e+03
1.356000000000000000e+03
1.357000000000000000e+03
1.358000000000000000e+03
1.359000000000000000e+03
1.360000000000000000e+03
1.361000000000000000e+03
1.362000000000000000e+03
1.437000000000000000e+03
1.438000000000000000e+03
1.439000000000000000e+03
1.440000000000000000e+03
1.443000000000000000e+03
1.444000000000000000e+03
1.449000000000000000e+03
1.450000000000000000e+03
1.451000000000000000e+03
1.452000000000000000e+03
1.453000000000000000e+03
1.454000000000000000e+03
1.455000000000000000e+03
1.456000000000000000e+03
1.457000000000000000e+03
1.458000000000000000e+03
1.459000000000000000e+03
1.460000000000000000e+03
1.461000000000000000e+03
1.462000000000000000e+03
1.463000000000000000e+03
1.464000000000000000e+03
1.465000000000000000e+03
1.466000000000000000e+03
1.467000000000000000e+03
1.468000000000000000e+03
1.469000000000000000e+03
1.470000000000000000e+03
1.471000000000000000e+03
1.472000000000000000e+03
1.473000000000000000e+03
1.474000000000000000e+03
1.475000000000000000e+03
1.476000000000000000e+03
1.477000000000000000e+03
1.478000000000000000e+03
1.479000000000000000e+03
1.480000000000000000e+03
1.481000000000000000e+03
1.482000000000000000e+03
1.483000000000000000e+03
1.484000000000000000e+03
1.485000000000000000e+03
1.486000000000000000e+03
1.487000000000000000e+03
1.488000000000000000e+03
1.489000000000000000e+03
1.490000000000000000e+03
1.491000000000000000e+03
1.492000000000000000e+03
1.493000000000000000e+03
1.494000000000000000e+03
1.495000000000000000e+03
1.496000000000000000e+03
1.497000000000000000e+03
1.498000000000000000e+03
1.499000000000000000e+03
1.500000000000000000e+03
1.501000000000000000e+03
1.502000000000000000e+03
1.503000000000000000e+03
1.504000000000000000e+03
1.505000000000000000e+03
1.506000000000000000e+03
1.509000000000000000e+03
1.510000000000000000e+03
1.511000000000000000e+03
1.512000000000000000e+03
1.513000000000000000e+03
1.514000000000000000e+03
1.515000000000000000e+03
1.516000000000000000e+03
1.517000000000000000e+03
1.518000000000000000e+03
1.519000000000000000e+03
1.520000000000000000e+03
1.521000000000000000e+03
1.522000000000000000e+03
1.523000000000000000e+03
1.524000000000000000e+03
1.525000000000000000e+03
1.526000000000000000e+03
1.537000000000000000e+03
1.538000000000000000e+03
1.541000000000000000e+03
1.542000000000000000e+03
1.543000000000000000e+03
1.544000000000000000e+03
1.545000000000000000e+03
1.546000000000000000e+03
1.547000000000000000e+03
1.548000000000000000e+03
1.549000000000000000e+03
1.550000000000000000e+03
1.573000000000000000e+03
1.574000000000000000e+03
1.575000000000000000e+03
1.576000000000000000e+03
1.577000000000000000e+03
1.578000000000000000e+03
1.579000000000000000e+03
1.580000000000000000e+03
1.581000000000000000e+03
1.582000000000000000e+03
1.583000000000000000e+03
1.584000000000000000e+03
1.585000000000000000e+03
1.586000000000000000e+03
1.587000000000000000e+03
1.588000000000000000e+03
1.589000000000000000e+03
1.590000000000000000e+03
1.591000000000000000e+03
1.592000000000000000e+03
1.593000000000000000e+03
1.594000000000000000e+03
1.595000000000000000e+03
1.596000000000000000e+03
1.597000000000000000e+03
1.598000000000000000e+03
1.599000000000000000e+03
1.600000000000000000e+03
1.601000000000000000e+03
1.602000000000000000e+03
1.615000000000000000e+03
1.616000000000000000e+03
1.617000000000000000e+03
1.618000000000000000e+03
1.619000000000000000e+03
1.620000000000000000e+03
1.915000000000000000e+03
1.916000000000000000e+03
3.358000000000000000e+03
3.359000000000000000e+03
3.360000000000000000e+03
3.361000000000000000e+03
3.366000000000000000e+03
3.367000000000000000e+03
3.368000000000000000e+03
3.369000000000000000e+03
3.376000000000000000e+03
3.377000000000000000e+03
3.378000000000000000e+03
3.379000000000000000e+03
3.380000000000000000e+03
3.381000000000000000e+03
3.386000000000000000e+03
3.387000000000000000e+03
3.388000000000000000e+03
3.389000000000000000e+03
3.390000000000000000e+03
3.391000000000000000e+03
3.392000000000000000e+03
3.393000000000000000e+03
3.404000000000000000e+03
3.405000000000000000e+03
3.406000000000000000e+03
3.407000000000000000e+03
3.430000000000000000e+03
3.431000000000000000e+03
3.432000000000000000e+03
3.433000000000000000e+03
3.434000000000000000e+03
3.435000000000000000e+03
3.436000000000000000e+03
3.437000000000000000e+03
3.438000000000000000e+03
3.439000000000000000e+03
3.440000000000000000e+03
3.441000000000000000e+03
3.442000000000000000e+03
3.443000000000000000e+03
3.444000000000000000e+03
3.445000000000000000e+03
3.446000000000000000e+03
3.447000000000000000e+03
3.448000000000000000e+03
3.449000000000000000e+03
3.450000000000000000e+03
3.451000000000000000e+03
3.452000000000000000e+03
3.453000000000000000e+03
3.454000000000000000e+03
3.455000000000000000e+03
3.456000000000000000e+03
3.457000000000000000e+03
3.458000000000000000e+03
3.459000000000000000e+03
3.460000000000000000e+03
3.461000000000000000e+03
3.462000000000000000e+03
3.463000000000000000e+03
3.464000000000000000e+03
3.465000000000000000e+03
3.466000000000000000e+03
3.467000000000000000e+03
3.468000000000000000e+03
3.469000000000000000e+03
3.470000000000000000e+03
3.471000000000000000e+03
3.472000000000000000e+03
3.473000000000000000e+03
3.474000000000000000e+03
3.475000000000000000e+03
3.476000000000000000e+03
3.477000000000000000e+03
3.478000000000000000e+03
3.479000000000000000e+03
3.480000000000000000e+03
3.481000000000000000e+03
3.482000000000000000e+03
3.483000000000000000e+03
3.484000000000000000e+03
3.485000000000000000e+03
3.486000000000000000e+03
3.487000000000000000e+03
3.488000000000000000e+03
3.489000000000000000e+03
3.490000000000000000e+03
3.491000000000000000e+03
3.492000000000000000e+03
3.493000000000000000e+03
3.494000000000000000e+03
3.495000000000000000e+03
3.496000000000000000e+03
3.497000000000000000e+03
3.498000000000000000e+03
3.499000000000000000e+03
3.500000000000000000e+03
3.501000000000000000e+03
3.502000000000000000e+03
3.503000000000000000e+03
3.504000000000000000e+03
3.505000000000000000e+03
3.506000000000000000e+03
3.507000000000000000e+03
3.508000000000000000e+03
3.509000000000000000e+03
3.510000000000000000e+03
3.511000000000000000e+03
3.512000000000000000e+03
3.513000000000000000e+03
3.514000000000000000e+03
3.515000000000000000e+03
3.516000000000000000e+03
3.517000000000000000e+03
3.518000000000000000e+03
3.519000000000000000e+03
3.520000000000000000e+03
3.521000000000000000e+03
3.522000000000000000e+03
3.523000000000000000e+03
3.524000000000000000e+03
3.525000000000000000e+03
3.526000000000000000e+03
3.527000000000000000e+03
3.528000000000000000e+03
3.529000000000000000e+03
3.530000000000000000e+03
3.531000000000000000e+03
3.532000000000000000e+03
3.533000000000000000e+03
3.534000000000000000e+03
3.535000000000000000e+03
3.536000000000000000e+03
3.537000000000000000e+03
3.538000000000000000e+03
3.539000000000000000e+03
3.540000000000000000e+03
3.541000000000000000e+03
3.542000000000000000e+03
3.543000000000000000e+03
3.544000000000000000e+03
3.545000000000000000e+03
3.546000000000000000e+03
3.547000000000000000e+03
3.548000000000000000e+03
3.549000000000000000e+03
3.550000000000000000e+03
3.551000000000000000e+03
3.552000000000000000e+03
3.553000000000000000e+03
3.554000000000000000e+03
3.555000000000000000e+03
3.556000000000000000e+03
3.557000000000000000e+03
3.558000000000000000e+03
3.559000000000000000e+03
3.560000000000000000e+03
3.561000000000000000e+03
3.566000000000000000e+03
3.567000000000000000e+03
3.568000000000000000e+03
3.569000000000000000e+03
3.570000000000000000e+03
3.571000000000000000e+03
3.573000000000000000e+03
3.574000000000000000e+03
3.575000000000000000e+03
3.578000000000000000e+03
3.579000000000000000e+03
3.582000000000000000e+03
3.583000000000000000e+03
3.590000000000000000e+03
3.591000000000000000e+03
3.592000000000000000e+03
3.593000000000000000e+03
3.594000000000000000e+03
3.595000000000000000e+03
3.596000000000000000e+03
3.597000000000000000e+03
3.598000000000000000e+03
3.599000000000000000e+03
3.600000000000000000e+03
3.601000000000000000e+03
3.602000000000000000e+03
3.603000000000000000e+03
3.604000000000000000e+03
3.605000000000000000e+03
3.606000000000000000e+03
3.607000000000000000e+03
3.608000000000000000e+03
3.745000000000000000e+03
3.746000000000000000e+03
3.747000000000000000e+03
3.748000000000000000e+03
3.749000000000000000e+03
3.750000000000000000e+03
3.751000000000000000e+03
3.752000000000000000e+03
3.753000000000000000e+03
3.754000000000000000e+03
3.755000000000000000e+03
3.756000000000000000e+03
3.757000000000000000e+03
3.758000000000000000e+03
3.759000000000000000e+03
3.760000000000000000e+03
3.761000000000000000e+03
3.762000000000000000e+03
3.763000000000000000e+03
3.764000000000000000e+03
3.765000000000000000e+03
3.766000000000000000e+03
3.767000000000000000e+03
3.768000000000000000e+03
3.769000000000000000e+03
3.770000000000000000e+03
3.771000000000000000e+03
3.772000000000000000e+03
3.773000000000000000e+03
3.774000000000000000e+03
3.775000000000000000e+03
3.776000000000000000e+03
3.777000000000000000e+03
3.778000000000000000e+03
3.779000000000000000e+03
3.780000000000000000e+03
3.781000000000000000e+03
3.782000000000000000e+03
3.783000000000000000e+03
3.784000000000000000e+03
3.785000000000000000e+03
3.786000000000000000e+03
3.787000000000000000e+03
3.788000000000000000e+03
3.789000000000000000e+03
3.790000000000000000e+03
3.791000000000000000e+03
3.792000000000000000e+03
3.793000000000000000e+03
3.794000000000000000e+03
3.795000000000000000e+03
3.796000000000000000e+03
3.797000000000000000e+03
3.798000000000000000e+03
3.799000000000000000e+03
3.800000000000000000e+03
3.801000000000000000e+03
3.802000000000000000e+03
3.803000000000000000e+03
3.804000000000000000e+03
3.805000000000000000e+03
3.806000000000000000e+03
3.807000000000000000e+03
3.808000000000000000e+03
3.809000000000000000e+03
3.810000000000000000e+03
3.811000000000000000e+03
3.812000000000000000e+03
3.813000000000000000e+03
3.814000000000000000e+03
3.815000000000000000e+03
3.816000000000000000e+03
3.817000000000000000e+03
3.818000000000000000e+03
3.819000000000000000e+03
3.820000000000000000e+03
3.821000000000000000e+03
3.822000000000000000e+03
3.823000000000000000e+03
3.824000000000000000e+03
3.825000000000000000e+03
3.826000000000000000e+03
3.827000000000000000e+03
3.828000000000000000e+03
3.829000000000000000e+03
3.830000000000000000e+03
3.831000000000000000e+03
3.832000000000000000e+03
3.833000000000000000e+03
3.834000000000000000e+03
3.835000000000000000e+03
3.836000000000000000e+03
3.837000000000000000e+03
3.838000000000000000e+03
3.839000000000000000e+03
3.840000000000000000e+03
3.841000000000000000e+03
3.842000000000000000e+03
3.843000000000000000e+03
3.844000000000000000e+03
3.845000000000000000e+03
3.846000000000000000e+03
3.847000000000000000e+03
3.848000000000000000e+03
3.849000000000000000e+03
3.850000000000000000e+03
3.851000000000000000e+03
3.852000000000000000e+03
3.853000000000000000e+03
3.854000000000000000e+03
3.855000000000000000e+03
3.856000000000000000e+03
3.857000000000000000e+03
3.858000000000000000e+03
3.859000000000000000e+03
3.860000000000000000e+03
3.861000000000000000e+03
3.862000000000000000e+03
3.863000000000000000e+03
3.864000000000000000e+03
3.865000000000000000e+03
3.866000000000000000e+03
3.867000000000000000e+03
3.868000000000000000e+03
3.869000000000000000e+03
3.870000000000000000e+03
3.871000000000000000e+03
3.872000000000000000e+03
3.873000000000000000e+03
3.874000000000000000e+03
3.875000000000000000e+03
3.876000000000000000e+03
3.877000000000000000e+03
3.878000000000000000e+03
3.879000000000000000e+03
3.880000000000000000e+03
3.881000000000000000e+03
3.882000000000000000e+03
3.883000000000000000e+03
3.884000000000000000e+03
3.885000000000000000e+03
3.886000000000000000e+03
3.887000000000000000e+03
3.888000000000000000e+03
3.889000000000000000e+03
3.890000000000000000e+03
3.891000000000000000e+03
3.892000000000000000e+03
3.893000000000000000e+03
3.894000000000000000e+03
3.895000000000000000e+03
3.896000000000000000e+03
3.897000000000000000e+03
3.898000000000000000e+03
3.899000000000000000e+03
3.900000000000000000e+03
3.901000000000000000e+03
3.902000000000000000e+03
3.903000000000000000e+03
3.904000000000000000e+03
3.905000000000000000e+03
3.906000000000000000e+03
3.907000000000000000e+03
3.908000000000000000e+03
3.909000000000000000e+03
3.910000000000000000e+03
3.911000000000000000e+03
3.912000000000000000e+03
3.913000000000000000e+03
3.914000000000000000e+03
3.915000000000000000e+03
3.916000000000000000e+03
3.917000000000000000e+03
3.918000000000000000e+03
3.919000000000000000e+03
3.920000000000000000e+03
3.921000000000000000e+03
3.922000000000000000e+03
3.923000000000000000e+03
3.924000000000000000e+03
3.925000000000000000e+03
3.926000000000000000e+03
3.927000000000000000e+03
3.928000000000000000e+03
3.929000000000000000e+03
3.930000000000000000e+03
3.931000000000000000e+03
3.932000000000000000e+03
3.933000000000000000e+03
3.934000000000000000e+03
3.935000000000000000e+03
3.936000000000000000e+03
3.937000000000000000e+03
3.938000000000000000e+03
3.939000000000000000e+03
3.940000000000000000e+03
3.941000000000000000e+03
3.942000000000000000e+03
3.943000000000000000e+03
3.944000000000000000e+03
3.945000000000000000e+03
3.946000000000000000e+03
3.947000000000000000e+03
3.948000000000000000e+03
3.949000000000000000e+03
3.950000000000000000e+03
3.951000000000000000e+03
3.952000000000000000e+03
3.953000000000000000e+03
3.954000000000000000e+03
3.955000000000000000e+03
3.956000000000000000e+03
3.957000000000000000e+03
3.958000000000000000e+03
3.959000000000000000e+03
3.960000000000000000e+03
3.961000000000000000e+03
3.962000000000000000e+03
3.963000000000000000e+03
3.964000000000000000e+03
3.965000000000000000e+03
3.966000000000000000e+03
3.967000000000000000e+03
3.968000000000000000e+03
3.969000000000000000e+03
3.970000000000000000e+03
3.971000000000000000e+03
3.972000000000000000e+03
3.973000000000000000e+03
3.974000000000000000e+03
3.975000000000000000e+03
3.976000000000000000e+03
3.977000000000000000e+03
3.978000000000000000e+03
3.979000000000000000e+03
3.980000000000000000e+03
3.981000000000000000e+03
3.982000000000000000e+03
3.983000000000000000e+03
3.984000000000000000e+03
3.985000000000000000e+03
3.986000000000000000e+03
3.987000000000000000e+03
3.988000000000000000e+03
3.989000000000000000e+03
3.990000000000000000e+03
3.991000000000000000e+03
3.992000000000000000e+03
3.993000000000000000e+03
3.994000000000000000e+03
3.995000000000000000e+03
3.996000000000000000e+03
3.997000000000000000e+03
3.998000000000000000e+03
3.999000000000000000e+03
4.000000000000000000e+03
4.001000000000000000e+03
4.002000000000000000e+03
4.003000000000000000e+03
4.004000000000000000e+03
4.005000000000000000e+03
4.006000000000000000e+03
4.007000000000000000e+03
4.008000000000000000e+03
4.009000000000000000e+03
4.010000000000000000e+03
4.011000000000000000e+03
4.012000000000000000e+03
4.013000000000000000e+03
4.014000000000000000e+03
4.015000000000000000e+03
4.016000000000000000e+03
4.017000000000000000e+03
4.018000000000000000e+03
4.019000000000000000e+03
4.020000000000000000e+03
4.021000000000000000e+03
4.022000000000000000e+03
4.023000000000000000e+03
4.024000000000000000e+03
4.025000000000000000e+03
4.026000000000000000e+03
4.027000000000000000e+03
4.028000000000000000e+03
4.029000000000000000e+03
4.030000000000000000e+03
4.031000000000000000e+03
4.032000000000000000e+03
4.033000000000000000e+03
4.034000000000000000e+03
4.035000000000000000e+03
4.036000000000000000e+03
4.037000000000000000e+03
4.038000000000000000e+03
4.039000000000000000e+03
4.040000000000000000e+03
4.041000000000000000e+03
4.042000000000000000e+03
4.043000000000000000e+03
4.044000000000000000e+03
4.045000000000000000e+03
4.046000000000000000e+03
4.047000000000000000e+03
4.048000000000000000e+03
4.049000000000000000e+03
4.050000000000000000e+03
4.051000000000000000e+03
4.052000000000000000e+03
4.053000000000000000e+03
4.054000000000000000e+03
4.055000000000000000e+03
4.056000000000000000e+03
4.057000000000000000e+03
4.058000000000000000e+03
4.059000000000000000e+03
4.060000000000000000e+03
4.061000000000000000e+03
4.062000000000000000e+03
4.063000000000000000e+03
4.064000000000000000e+03
4.065000000000000000e+03
4.066000000000000000e+03
4.067000000000000000e+03
4.068000000000000000e+03
4.069000000000000000e+03
4.070000000000000000e+03
4.071000000000000000e+03
4.072000000000000000e+03
4.073000000000000000e+03
4.074000000000000000e+03
4.075000000000000000e+03
4.076000000000000000e+03
4.077000000000000000e+03
4.078000000000000000e+03
4.079000000000000000e+03
4.080000000000000000e+03
4.081000000000000000e+03
4.082000000000000000e+03
4.083000000000000000e+03
4.084000000000000000e+03
4.085000000000000000e+03
4.086000000000000000e+03
4.087000000000000000e+03
4.088000000000000000e+03
4.089000000000000000e+03
4.090000000000000000e+03
4.091000000000000000e+03
4.092000000000000000e+03
4.093000000000000000e+03
4.094000000000000000e+03
4.095000000000000000e+03
4.096000000000000000e+03
4.097000000000000000e+03
4.098000000000000000e+03
4.099000000000000000e+03
4.100000000000000000e+03
4.101000000000000000e+03
4.114000000000000000e+03
4.115000000000000000e+03
4.116000000000000000e+03
4.117000000000000000e+03
4.118000000000000000e+03
4.119000000000000000e+03
4.120000000000000000e+03
4.121000000000000000e+03
4.128000000000000000e+03
4.129000000000000000e+03
4.130000000000000000e+03
4.131000000000000000e+03
4.134000000000000000e+03
4.135000000000000000e+03
4.136000000000000000e+03
4.137000000000000000e+03
4.138000000000000000e+03
4.139000000000000000e+03
4.140000000000000000e+03
4.141000000000000000e+03
4.142000000000000000e+03
4.143000000000000000e+03
4.146000000000000000e+03
4.147000000000000000e+03
4.148000000000000000e+03
4.149000000000000000e+03
4.150000000000000000e+03
4.151000000000000000e+03
4.154000000000000000e+03
4.155000000000000000e+03
4.162000000000000000e+03
4.163000000000000000e+03
4.164000000000000000e+03
4.165000000000000000e+03
4.166000000000000000e+03
4.167000000000000000e+03
4.180000000000000000e+03
4.181000000000000000e+03
4.182000000000000000e+03
4.183000000000000000e+03
4.184000000000000000e+03
4.185000000000000000e+03
4.186000000000000000e+03
4.187000000000000000e+03
4.188000000000000000e+03
4.189000000000000000e+03
4.190000000000000000e+03
4.191000000000000000e+03
4.192000000000000000e+03
4.193000000000000000e+03
4.194000000000000000e+03
4.195000000000000000e+03
4.198000000000000000e+03
4.199000000000000000e+03
4.200000000000000000e+03
4.201000000000000000e+03
4.204000000000000000e+03
4.205000000000000000e+03
4.214000000000000000e+03
4.215000000000000000e+03
4.216000000000000000e+03
4.217000000000000000e+03
4.218000000000000000e+03
4.219000000000000000e+03
4.226000000000000000e+03
4.227000000000000000e+03
4.228000000000000000e+03
4.229000000000000000e+03
4.240000000000000000e+03
4.241000000000000000e+03
4.242000000000000000e+03
4.243000000000000000e+03
4.244000000000000000e+03
4.245000000000000000e+03
4.248000000000000000e+03
4.249000000000000000e+03
4.250000000000000000e+03
4.251000000000000000e+03
4.252000000000000000e+03
4.253000000000000000e+03
4.256000000000000000e+03
4.257000000000000000e+03
4.258000000000000000e+03
4.259000000000000000e+03
4.260000000000000000e+03
4.261000000000000000e+03
4.262000000000000000e+03
4.263000000000000000e+03
4.266000000000000000e+03
4.267000000000000000e+03
4.268000000000000000e+03
4.270000000000000000e+03
4.271000000000000000e+03
4.272000000000000000e+03
4.273000000000000000e+03
4.274000000000000000e+03
4.275000000000000000e+03
4.276000000000000000e+03
4.277000000000000000e+03
4.278000000000000000e+03
4.279000000000000000e+03
4.280000000000000000e+03
4.281000000000000000e+03
4.287000000000000000e+03
4.288000000000000000e+03
4.289000000000000000e+03
4.290000000000000000e+03
4.295000000000000000e+03
4.296000000000000000e+03
4.297000000000000000e+03
4.298000000000000000e+03
4.299000000000000000e+03
4.300000000000000000e+03
4.301000000000000000e+03
4.302000000000000000e+03
4.303000000000000000e+03
4.304000000000000000e+03
4.305000000000000000e+03
4.306000000000000000e+03
4.307000000000000000e+03
4.308000000000000000e+03
4.311000000000000000e+03
4.312000000000000000e+03
4.313000000000000000e+03
4.314000000000000000e+03
4.315000000000000000e+03
4.319000000000000000e+03
4.320000000000000000e+03
4.331000000000000000e+03
4.332000000000000000e+03
4.333000000000000000e+03
4.334000000000000000e+03
4.335000000000000000e+03
4.336000000000000000e+03
4.337000000000000000e+03
4.338000000000000000e+03
4.339000000000000000e+03
4.340000000000000000e+03
4.341000000000000000e+03
4.342000000000000000e+03
4.347000000000000000e+03
4.348000000000000000e+03
4.351000000000000000e+03
4.352000000000000000e+03
4.353000000000000000e+03
4.354000000000000000e+03
4.355000000000000000e+03
4.356000000000000000e+03
4.357000000000000000e+03
4.358000000000000000e+03
4.359000000000000000e+03
4.360000000000000000e+03
4.361000000000000000e+03
4.362000000000000000e+03
4.363000000000000000e+03
4.364000000000000000e+03
4.365000000000000000e+03
4.366000000000000000e+03
4.367000000000000000e+03
4.368000000000000000e+03
4.369000000000000000e+03
4.370000000000000000e+03
4.371000000000000000e+03
4.372000000000000000e+03
4.433000000000000000e+03
4.434000000000000000e+03
4.435000000000000000e+03
4.436000000000000000e+03
4.437000000000000000e+03
4.438000000000000000e+03
4.447000000000000000e+03
4.448000000000000000e+03
4.449000000000000000e+03
4.450000000000000000e+03
4.451000000000000000e+03
4.452000000000000000e+03
4.453000000000000000e+03
4.454000000000000000e+03
4.455000000000000000e+03
4.456000000000000000e+03
4.457000000000000000e+03
4.458000000000000000e+03
4.459000000000000000e+03
4.460000000000000000e+03
4.461000000000000000e+03
4.462000000000000000e+03
4.463000000000000000e+03
4.464000000000000000e+03
4.465000000000000000e+03
4.466000000000000000e+03
4.467000000000000000e+03
4.477000000000000000e+03
4.478000000000000000e+03
4.479000000000000000e+03
4.480000000000000000e+03
4.481000000000000000e+03
4.482000000000000000e+03
4.483000000000000000e+03
4.484000000000000000e+03
4.485000000000000000e+03
4.486000000000000000e+03
4.487000000000000000e+03
4.488000000000000000e+03
4.489000000000000000e+03
4.490000000000000000e+03
4.491000000000000000e+03
4.492000000000000000e+03
4.493000000000000000e+03
4.494000000000000000e+03
4.495000000000000000e+03
4.496000000000000000e+03
4.497000000000000000e+03
4.498000000000000000e+03
4.499000000000000000e+03
4.500000000000000000e+03
4.501000000000000000e+03
4.502000000000000000e+03
4.503000000000000000e+03
4.504000000000000000e+03
4.505000000000000000e+03
4.506000000000000000e+03
4.507000000000000000e+03
4.508000000000000000e+03
4.509000000000000000e+03
4.510000000000000000e+03
4.511000000000000000e+03
4.512000000000000000e+03
4.513000000000000000e+03
4.514000000000000000e+03
4.515000000000000000e+03
4.516000000000000000e+03
4.517000000000000000e+03
4.518000000000000000e+03
4.519000000000000000e+03
4.520000000000000000e+03
4.553000000000000000e+03
4.554000000000000000e+03
4.591000000000000000e+03
4.592000000000000000e+03
4.593000000000000000e+03
4.594000000000000000e+03
4.601000000000000000e+03
4.602000000000000000e+03
4.903000000000000000e+03
4.904000000000000000e+03
4.909000000000000000e+03
4.910000000000000000e+03
5.781000000000000000e+03
5.782000000000000000e+03
5.783000000000000000e+03
5.784000000000000000e+03
5.791000000000000000e+03
5.792000000000000000e+03
5.793000000000000000e+03
5.794000000000000000e+03
5.803000000000000000e+03
5.804000000000000000e+03
5.805000000000000000e+03
5.806000000000000000e+03
5.807000000000000000e+03
5.808000000000000000e+03
5.809000000000000000e+03
5.810000000000000000e+03
5.811000000000000000e+03
5.812000000000000000e+03
5.821000000000000000e+03
5.822000000000000000e+03
5.823000000000000000e+03
5.824000000000000000e+03
5.825000000000000000e+03
5.826000000000000000e+03
5.827000000000000000e+03
5.828000000000000000e+03
5.829000000000000000e+03
5.830000000000000000e+03
5.832000000000000000e+03
5.847000000000000000e+03
5.848000000000000000e+03
5.859000000000000000e+03
5.860000000000000000e+03
5.861000000000000000e+03
5.862000000000000000e+03
5.863000000000000000e+03
5.864000000000000000e+03
5.865000000000000000e+03
5.866000000000000000e+03
5.867000000000000000e+03
5.868000000000000000e+03
5.869000000000000000e+03
5.870000000000000000e+03
5.871000000000000000e+03
5.872000000000000000e+03
5.873000000000000000e+03
5.874000000000000000e+03
5.875000000000000000e+03
5.876000000000000000e+03
5.877000000000000000e+03
5.878000000000000000e+03
5.879000000000000000e+03
5.880000000000000000e+03
5.881000000000000000e+03
5.882000000000000000e+03
5.883000000000000000e+03
5.884000000000000000e+03
5.885000000000000000e+03
5.886000000000000000e+03
5.887000000000000000e+03
5.888000000000000000e+03
5.889000000000000000e+03
5.890000000000000000e+03
5.891000000000000000e+03
5.892000000000000000e+03
5.893000000000000000e+03
5.894000000000000000e+03
5.895000000000000000e+03
5.896000000000000000e+03
5.897000000000000000e+03
5.898000000000000000e+03
5.899000000000000000e+03
5.900000000000000000e+03
5.901000000000000000e+03
5.902000000000000000e+03
5.903000000000000000e+03
5.904000000000000000e+03
5.905000000000000000e+03
5.906000000000000000e+03
5.907000000000000000e+03
5.908000000000000000e+03
5.909000000000000000e+03
5.910000000000000000e+03
5.911000000000000000e+03
5.912000000000000000e+03
5.913000000000000000e+03
5.914000000000000000e+03
5.915000000000000000e+03
5.916000000000000000e+03
5.917000000000000000e+03
5.918000000000000000e+03
5.919000000000000000e+03
5.920000000000000000e+03
5.921000000000000000e+03
5.922000000000000000e+03
5.923000000000000000e+03
5.924000000000000000e+03
5.925000000000000000e+03
5.926000000000000000e+03
5.927000000000000000e+03
5.928000000000000000e+03
5.929000000000000000e+03
5.930000000000000000e+03
5.931000000000000000e+03
5.932000000000000000e+03
5.933000000000000000e+03
5.934000000000000000e+03
5.935000000000000000e+03
5.936000000000000000e+03
5.937000000000000000e+03
5.938000000000000000e+03
5.939000000000000000e+03
5.940000000000000000e+03
5.941000000000000000e+03
5.942000000000000000e+03
5.943000000000000000e+03
5.944000000000000000e+03
5.945000000000000000e+03
5.946000000000000000e+03
5.947000000000000000e+03
5.948000000000000000e+03
5.949000000000000000e+03
5.950000000000000000e+03
5.951000000000000000e+03
5.952000000000000000e+03
5.953000000000000000e+03
5.954000000000000000e+03
5.955000000000000000e+03
5.956000000000000000e+03
5.957000000000000000e+03
5.958000000000000000e+03
5.959000000000000000e+03
5.960000000000000000e+03
5.961000000000000000e+03
5.962000000000000000e+03
5.963000000000000000e+03
5.964000000000000000e+03
5.965000000000000000e+03
5.966000000000000000e+03
5.967000000000000000e+03
5.968000000000000000e+03
5.969000000000000000e+03
5.970000000000000000e+03
5.971000000000000000e+03
5.972000000000000000e+03
5.973000000000000000e+03
5.974000000000000000e+03
5.975000000000000000e+03
5.976000000000000000e+03
5.977000000000000000e+03
5.978000000000000000e+03
5.979000000000000000e+03
5.980000000000000000e+03
5.981000000000000000e+03
5.982000000000000000e+03
5.983000000000000000e+03
5.984000000000000000e+03
5.985000000000000000e+03
5.986000000000000000e+03
5.987000000000000000e+03
5.988000000000000000e+03
5.989000000000000000e+03
5.990000000000000000e+03
5.991000000000000000e+03
5.992000000000000000e+03
5.993000000000000000e+03
5.994000000000000000e+03
5.995000000000000000e+03
5.996000000000000000e+03
5.997000000000000000e+03
5.998000000000000000e+03
5.999000000000000000e+03
6.000000000000000000e+03
6.001000000000000000e+03
6.002000000000000000e+03
6.003000000000000000e+03
6.004000000000000000e+03
6.006000000000000000e+03
6.007000000000000000e+03
6.008000000000000000e+03
6.009000000000000000e+03
6.010000000000000000e+03
6.011000000000000000e+03
6.012000000000000000e+03
6.013000000000000000e+03
6.014000000000000000e+03
6.015000000000000000e+03
6.016000000000000000e+03
6.017000000000000000e+03
6.018000000000000000e+03
6.019000000000000000e+03
6.020000000000000000e+03
6.021000000000000000e+03
6.022000000000000000e+03
6.023000000000000000e+03
6.024000000000000000e+03
6.025000000000000000e+03
6.026000000000000000e+03
6.027000000000000000e+03
6.028000000000000000e+03
6.031000000000000000e+03
6.032000000000000000e+03
6.033000000000000000e+03
6.034000000000000000e+03
6.035000000000000000e+03
6.036000000000000000e+03
6.037000000000000000e+03
6.038000000000000000e+03
6.039000000000000000e+03
6.040000000000000000e+03
6.041000000000000000e+03
6.042000000000000000e+03
6.043000000000000000e+03
6.044000000000000000e+03
6.045000000000000000e+03
6.046000000000000000e+03
6.047000000000000000e+03
6.048000000000000000e+03
6.049000000000000000e+03
6.050000000000000000e+03
6.051000000000000000e+03
6.052000000000000000e+03
6.053000000000000000e+03
6.054000000000000000e+03
6.055000000000000000e+03
6.056000000000000000e+03
6.057000000000000000e+03
6.058000000000000000e+03
6.059000000000000000e+03
6.060000000000000000e+03
6.061000000000000000e+03
6.062000000000000000e+03
6.063000000000000000e+03
6.064000000000000000e+03
6.081000000000000000e+03
6.082000000000000000e+03
6.097000000000000000e+03
6.098000000000000000e+03
6.099000000000000000e+03
6.100000000000000000e+03
6.101000000000000000e+03
6.102000000000000000e+03
6.123000000000000000e+03
6.124000000000000000e+03
6.125000000000000000e+03
6.126000000000000000e+03
6.145000000000000000e+03
6.146000000000000000e+03
6.147000000000000000e+03
6.148000000000000000e+03
6.149000000000000000e+03
6.150000000000000000e+03
6.151000000000000000e+03
6.152000000000000000e+03
6.208000000000000000e+03
6.209000000000000000e+03
6.212000000000000000e+03
6.213000000000000000e+03
6.226000000000000000e+03
6.227000000000000000e+03
6.247000000000000000e+03
6.248000000000000000e+03
6.249000000000000000e+03
6.250000000000000000e+03
6.251000000000000000e+03
6.252000000000000000e+03
6.253000000000000000e+03
6.254000000000000000e+03
6.255000000000000000e+03
6.256000000000000000e+03
6.257000000000000000e+03
6.258000000000000000e+03
6.259000000000000000e+03
6.260000000000000000e+03
6.261000000000000000e+03
6.262000000000000000e+03
6.263000000000000000e+03
6.264000000000000000e+03
6.265000000000000000e+03
6.266000000000000000e+03
6.267000000000000000e+03
6.268000000000000000e+03
6.269000000000000000e+03
6.270000000000000000e+03
6.271000000000000000e+03
6.272000000000000000e+03
6.273000000000000000e+03
6.274000000000000000e+03
6.275000000000000000e+03
6.276000000000000000e+03
6.277000000000000000e+03
6.278000000000000000e+03
6.279000000000000000e+03
6.354000000000000000e+03
6.355000000000000000e+03
6.356000000000000000e+03
6.357000000000000000e+03
6.360000000000000000e+03
6.361000000000000000e+03
6.366000000000000000e+03
6.367000000000000000e+03
6.368000000000000000e+03
6.369000000000000000e+03
6.370000000000000000e+03
6.371000000000000000e+03
6.372000000000000000e+03
6.373000000000000000e+03
6.374000000000000000e+03
6.375000000000000000e+03
6.376000000000000000e+03
6.377000000000000000e+03
6.378000000000000000e+03
6.379000000000000000e+03
6.380000000000000000e+03
6.381000000000000000e+03
6.382000000000000000e+03
6.383000000000000000e+03
6.384000000000000000e+03
6.385000000000000000e+03
6.386000000000000000e+03
6.387000000000000000e+03
6.388000000000000000e+03
6.389000000000000000e+03
6.390000000000000000e+03
6.391000000000000000e+03
6.392000000000000000e+03
6.393000000000000000e+03
6.394000000000000000e+03
6.395000000000000000e+03
6.396000000000000000e+03
6.397000000000000000e+03
6.398000000000000000e+03
6.399000000000000000e+03
6.400000000000000000e+03
6.401000000000000000e+03
6.402000000000000000e+03
6.403000000000000000e+03
6.404000000000000000e+03
6.405000000000000000e+03
6.406000000000000000e+03
6.407000000000000000e+03
6.408000000000000000e+03
6.409000000000000000e+03
6.410000000000000000e+03
6.411000000000000000e+03
6.412000000000000000e+03
6.413000000000000000e+03
6.414000000000000000e+03
6.415000000000000000e+03
6.416000000000000000e+03
6.417000000000000000e+03
6.418000000000000000e+03
6.419000000000000000e+03
6.420000000000000000e+03
6.421000000000000000e+03
6.422000000000000000e+03
6.423000000000000000e+03
6.426000000000000000e+03
6.427000000000000000e+03
6.428000000000000000e+03
6.429000000000000000e+03
6.430000000000000000e+03
6.431000000000000000e+03
6.432000000000000000e+03
6.433000000000000000e+03
6.434000000000000000e+03
6.435000000000000000e+03
6.436000000000000000e+03
6.437000000000000000e+03
6.438000000000000000e+03
6.439000000000000000e+03
6.440000000000000000e+03
6.441000000000000000e+03
6.442000000000000000e+03
6.443000000000000000e+03
6.454000000000000000e+03
6.455000000000000000e+03
6.458000000000000000e+03
6.459000000000000000e+03
6.460000000000000000e+03
6.461000000000000000e+03
6.462000000000000000e+03
6.463000000000000000e+03
6.464000000000000000e+03
6.465000000000000000e+03
6.466000000000000000e+03
6.467000000000000000e+03
6.490000000000000000e+03
6.491000000000000000e+03
6.492000000000000000e+03
6.493000000000000000e+03
6.494000000000000000e+03
6.495000000000000000e+03
6.496000000000000000e+03
6.497000000000000000e+03
6.498000000000000000e+03
6.499000000000000000e+03
6.500000000000000000e+03
6.501000000000000000e+03
6.502000000000000000e+03
6.503000000000000000e+03
6.504000000000000000e+03
6.505000000000000000e+03
6.506000000000000000e+03
6.507000000000000000e+03
6.508000000000000000e+03
6.509000000000000000e+03
6.510000000000000000e+03
6.511000000000000000e+03
6.512000000000000000e+03
6.513000000000000000e+03
6.514000000000000000e+03
6.515000000000000000e+03
6.516000000000000000e+03
6.517000000000000000e+03
6.518000000000000000e+03
6.519000000000000000e+03
6.532000000000000000e+03
6.533000000000000000e+03
6.534000000000000000e+03
6.535000000000000000e+03
6.536000000000000000e+03
6.537000000000000000e+03
6.832000000000000000e+03
6.833000000000000000e+03
8.284000000000000000e+03
8.285000000000000000e+03
8.286000000000000000e+03
8.287000000000000000e+03
8.292000000000000000e+03
8.293000000000000000e+03
8.294000000000000000e+03
8.295000000000000000e+03
8.302000000000000000e+03
8.303000000000000000e+03
8.304000000000000000e+03
8.305000000000000000e+03
8.306000000000000000e+03
8.307000000000000000e+03
8.312000000000000000e+03
8.313000000000000000e+03
8.314000000000000000e+03
8.315000000000000000e+03
8.316000000000000000e+03
8.317000000000000000e+03
8.318000000000000000e+03
8.319000000000000000e+03
8.330000000000000000e+03
8.331000000000000000e+03
8.332000000000000000e+03
8.333000000000000000e+03
8.356000000000000000e+03
8.357000000000000000e+03
8.358000000000000000e+03
8.359000000000000000e+03
8.360000000000000000e+03
8.361000000000000000e+03
8.362000000000000000e+03
8.363000000000000000e+03
8.364000000000000000e+03
8.365000000000000000e+03
8.366000000000000000e+03
8.367000000000000000e+03
8.368000000000000000e+03
8.369000000000000000e+03
8.370000000000000000e+03
8.371000000000000000e+03
8.372000000000000000e+03
8.373000000000000000e+03
8.374000000000000000e+03
8.375000000000000000e+03
8.376000000000000000e+03
8.377000000000000000e+03
8.378000000000000000e+03
8.379000000000000000e+03
8.380000000000000000e+03
8.381000000000000000e+03
8.382000000000000000e+03
8.383000000000000000e+03
8.384000000000000000e+03
8.385000000000000000e+03
8.386000000000000000e+03
8.387000000000000000e+03
8.388000000000000000e+03
8.389000000000000000e+03
8.390000000000000000e+03
8.391000000000000000e+03
8.392000000000000000e+03
8.393000000000000000e+03
8.394000000000000000e+03
8.395000000000000000e+03
8.396000000000000000e+03
8.397000000000000000e+03
8.398000000000000000e+03
8.399000000000000000e+03
8.400000000000000000e+03
8.401000000000000000e+03
8.402000000000000000e+03
8.403000000000000000e+03
8.404000000000000000e+03
8.405000000000000000e+03
8.406000000000000000e+03
8.407000000000000000e+03
8.408000000000000000e+03
8.409000000000000000e+03
8.410000000000000000e+03
8.411000000000000000e+03
8.412000000000000000e+03
8.413000000000000000e+03
8.414000000000000000e+03
8.415000000000000000e+03
8.416000000000000000e+03
8.417000000000000000e+03
8.418000000000000000e+03
8.419000000000000000e+03
8.420000000000000000e+03
8.421000000000000000e+03
8.422000000000000000e+03
8.423000000000000000e+03
8.424000000000000000e+03
8.425000000000000000e+03
8.426000000000000000e+03
8.427000000000000000e+03
8.428000000000000000e+03
8.429000000000000000e+03
8.430000000000000000e+03
8.431000000000000000e+03
8.432000000000000000e+03
8.433000000000000000e+03
8.434000000000000000e+03
8.435000000000000000e+03
8.436000000000000000e+03
8.437000000000000000e+03
8.438000000000000000e+03
8.439000000000000000e+03
8.440000000000000000e+03
8.441000000000000000e+03
8.442000000000000000e+03
8.443000000000000000e+03
8.444000000000000000e+03
8.445000000000000000e+03
8.446000000000000000e+03
8.447000000000000000e+03
8.448000000000000000e+03
8.449000000000000000e+03
8.450000000000000000e+03
8.451000000000000000e+03
8.452000000000000000e+03
8.453000000000000000e+03
8.454000000000000000e+03
8.455000000000000000e+03
8.456000000000000000e+03
8.457000000000000000e+03
8.458000000000000000e+03
8.459000000000000000e+03
8.460000000000000000e+03
8.461000000000000000e+03
8.462000000000000000e+03
8.463000000000000000e+03
8.464000000000000000e+03
8.465000000000000000e+03
8.466000000000000000e+03
8.467000000000000000e+03
8.468000000000000000e+03
8.469000000000000000e+03
8.470000000000000000e+03
8.471000000000000000e+03
8.472000000000000000e+03
8.473000000000000000e+03
8.474000000000000000e+03
8.475000000000000000e+03
8.476000000000000000e+03
8.477000000000000000e+03
8.478000000000000000e+03
8.479000000000000000e+03
8.480000000000000000e+03
8.481000000000000000e+03
8.482000000000000000e+03
8.483000000000000000e+03
8.484000000000000000e+03
8.485000000000000000e+03
8.486000000000000000e+03
8.487000000000000000e+03
8.492000000000000000e+03
8.493000000000000000e+03
8.494000000000000000e+03
8.495000000000000000e+03
8.496000000000000000e+03
8.497000000000000000e+03
8.498000000000000000e+03
8.500000000000000000e+03
8.501000000000000000e+03
8.504000000000000000e+03
8.505000000000000000e+03
8.508000000000000000e+03
8.509000000000000000e+03
8.516000000000000000e+03
8.517000000000000000e+03
8.518000000000000000e+03
8.519000000000000000e+03
8.520000000000000000e+03
8.521000000000000000e+03
8.522000000000000000e+03
8.523000000000000000e+03
8.524000000000000000e+03
8.525000000000000000e+03
8.526000000000000000e+03
8.527000000000000000e+03
8.528000000000000000e+03
8.529000000000000000e+03
8.530000000000000000e+03
8.531000000000000000e+03
8.532000000000000000e+03
8.533000000000000000e+03
8.534000000000000000e+03
8.671000000000000000e+03
8.672000000000000000e+03
8.673000000000000000e+03
8.674000000000000000e+03
8.675000000000000000e+03
8.676000000000000000e+03
8.677000000000000000e+03
8.678000000000000000e+03
8.679000000000000000e+03
8.680000000000000000e+03
8.681000000000000000e+03
8.682000000000000000e+03
8.683000000000000000e+03
8.684000000000000000e+03
8.685000000000000000e+03
8.686000000000000000e+03
8.687000000000000000e+03
8.688000000000000000e+03
8.689000000000000000e+03
8.690000000000000000e+03
8.691000000000000000e+03
8.692000000000000000e+03
8.693000000000000000e+03
8.694000000000000000e+03
8.695000000000000000e+03
8.696000000000000000e+03
8.697000000000000000e+03
8.698000000000000000e+03
8.699000000000000000e+03
8.700000000000000000e+03
8.701000000000000000e+03
8.702000000000000000e+03
8.703000000000000000e+03
8.704000000000000000e+03
8.705000000000000000e+03
8.706000000000000000e+03
8.707000000000000000e+03
8.708000000000000000e+03
8.709000000000000000e+03
8.710000000000000000e+03
8.711000000000000000e+03
8.712000000000000000e+03
8.713000000000000000e+03
8.714000000000000000e+03
8.715000000000000000e+03
8.716000000000000000e+03
8.717000000000000000e+03
8.718000000000000000e+03
8.719000000000000000e+03
8.720000000000000000e+03
8.721000000000000000e+03
8.722000000000000000e+03
8.723000000000000000e+03
8.724000000000000000e+03
8.725000000000000000e+03
8.726000000000000000e+03
8.727000000000000000e+03
8.728000000000000000e+03
8.729000000000000000e+03
8.730000000000000000e+03
8.731000000000000000e+03
8.732000000000000000e+03
8.733000000000000000e+03
8.734000000000000000e+03
8.735000000000000000e+03
8.736000000000000000e+03
8.737000000000000000e+03
8.738000000000000000e+03
8.739000000000000000e+03
8.740000000000000000e+03
8.741000000000000000e+03
8.742000000000000000e+03
8.743000000000000000e+03
8.744000000000000000e+03
8.745000000000000000e+03
8.746000000000000000e+03
8.747000000000000000e+03
8.748000000000000000e+03
8.749000000000000000e+03
8.750000000000000000e+03
8.751000000000000000e+03
8.752000000000000000e+03
8.753000000000000000e+03
8.754000000000000000e+03
8.755000000000000000e+03
8.756000000000000000e+03
8.757000000000000000e+03
8.758000000000000000e+03
8.759000000000000000e+03
8.760000000000000000e+03
8.761000000000000000e+03
8.762000000000000000e+03
8.763000000000000000e+03
8.764000000000000000e+03
8.765000000000000000e+03
8.766000000000000000e+03
8.767000000000000000e+03
8.768000000000000000e+03
8.769000000000000000e+03
8.770000000000000000e+03
8.771000000000000000e+03
8.772000000000000000e+03
8.773000000000000000e+03
8.774000000000000000e+03
8.775000000000000000e+03
8.776000000000000000e+03
8.777000000000000000e+03
8.778000000000000000e+03
8.779000000000000000e+03
8.780000000000000000e+03
8.781000000000000000e+03
8.782000000000000000e+03
8.783000000000000000e+03
8.784000000000000000e+03
8.785000000000000000e+03
8.786000000000000000e+03
8.787000000000000000e+03
8.788000000000000000e+03
8.789000000000000000e+03
8.790000000000000000e+03
8.791000000000000000e+03
8.792000000000000000e+03
8.793000000000000000e+03
8.794000000000000000e+03
8.795000000000000000e+03
8.796000000000000000e+03
8.797000000000000000e+03
8.798000000000000000e+03
8.799000000000000000e+03
8.800000000000000000e+03
8.801000000000000000e+03
8.802000000000000000e+03
8.803000000000000000e+03
8.804000000000000000e+03
8.805000000000000000e+03
8.806000000000000000e+03
8.807000000000000000e+03
8.808000000000000000e+03
8.809000000000000000e+03
8.810000000000000000e+03
8.811000000000000000e+03
8.812000000000000000e+03
8.813000000000000000e+03
8.814000000000000000e+03
8.815000000000000000e+03
8.816000000000000000e+03
8.817000000000000000e+03
8.818000000000000000e+03
8.819000000000000000e+03
8.820000000000000000e+03
8.821000000000000000e+03
8.822000000000000000e+03
8.823000000000000000e+03
8.824000000000000000e+03
8.825000000000000000e+03
8.826000000000000000e+03
8.827000000000000000e+03
8.828000000000000000e+03
8.829000000000000000e+03
8.830000000000000000e+03
8.831000000000000000e+03
8.832000000000000000e+03
8.833000000000000000e+03
8.834000000000000000e+03
8.835000000000000000e+03
8.836000000000000000e+03
8.837000000000000000e+03
8.838000000000000000e+03
8.839000000000000000e+03
8.840000000000000000e+03
8.841000000000000000e+03
8.842000000000000000e+03
8.843000000000000000e+03
8.844000000000000000e+03
8.845000000000000000e+03
8.846000000000000000e+03
8.847000000000000000e+03
8.848000000000000000e+03
8.849000000000000000e+03
8.850000000000000000e+03
8.851000000000000000e+03
8.852000000000000000e+03
8.853000000000000000e+03
8.854000000000000000e+03
8.855000000000000000e+03
8.856000000000000000e+03
8.857000000000000000e+03
8.858000000000000000e+03
8.859000000000000000e+03
8.860000000000000000e+03
8.861000000000000000e+03
8.862000000000000000e+03
8.863000000000000000e+03
8.864000000000000000e+03
8.865000000000000000e+03
8.866000000000000000e+03
8.867000000000000000e+03
8.868000000000000000e+03
8.869000000000000000e+03
8.870000000000000000e+03
8.871000000000000000e+03
8.872000000000000000e+03
8.873000000000000000e+03
8.874000000000000000e+03
8.875000000000000000e+03
8.876000000000000000e+03
8.877000000000000000e+03
8.878000000000000000e+03
8.879000000000000000e+03
8.880000000000000000e+03
8.881000000000000000e+03
8.882000000000000000e+03
8.883000000000000000e+03
8.884000000000000000e+03
8.885000000000000000e+03
8.886000000000000000e+03
8.887000000000000000e+03
8.888000000000000000e+03
8.889000000000000000e+03
8.890000000000000000e+03
8.891000000000000000e+03
8.892000000000000000e+03
8.893000000000000000e+03
8.894000000000000000e+03
8.895000000000000000e+03
8.896000000000000000e+03
8.897000000000000000e+03
8.898000000000000000e+03
8.899000000000000000e+03
8.900000000000000000e+03
8.901000000000000000e+03
8.902000000000000000e+03
8.903000000000000000e+03
8.904000000000000000e+03
8.905000000000000000e+03
8.906000000000000000e+03
8.907000000000000000e+03
8.908000000000000000e+03
8.909000000000000000e+03
8.910000000000000000e+03
8.911000000000000000e+03
8.912000000000000000e+03
8.913000000000000000e+03
8.914000000000000000e+03
8.915000000000000000e+03
8.916000000000000000e+03
8.917000000000000000e+03
8.918000000000000000e+03
8.919000000000000000e+03
8.920000000000000000e+03
8.921000000000000000e+03
8.922000000000000000e+03
8.923000000000000000e+03
8.924000000000000000e+03
8.925000000000000000e+03
8.926000000000000000e+03
8.927000000000000000e+03
8.928000000000000000e+03
8.929000000000000000e+03
8.930000000000000000e+03
8.931000000000000000e+03
8.932000000000000000e+03
8.933000000000000000e+03
8.934000000000000000e+03
8.935000000000000000e+03
8.936000000000000000e+03
8.937000000000000000e+03
8.938000000000000000e+03
8.939000000000000000e+03
8.940000000000000000e+03
8.941000000000000000e+03
8.942000000000000000e+03
8.943000000000000000e+03
8.944000000000000000e+03
8.945000000000000000e+03
8.946000000000000000e+03
8.947000000000000000e+03
8.948000000000000000e+03
8.949000000000000000e+03
8.950000000000000000e+03
8.951000000000000000e+03
8.952000000000000000e+03
8.953000000000000000e+03
8.954000000000000000e+03
8.955000000000000000e+03
8.956000000000000000e+03
8.957000000000000000e+03
8.958000000000000000e+03
8.959000000000000000e+03
8.960000000000000000e+03
8.961000000000000000e+03
8.962000000000000000e+03
8.963000000000000000e+03
8.964000000000000000e+03
8.965000000000000000e+03
8.966000000000000000e+03
8.967000000000000000e+03
8.968000000000000000e+03
8.969000000000000000e+03
8.970000000000000000e+03
8.971000000000000000e+03
8.972000000000000000e+03
8.973000000000000000e+03
8.974000000000000000e+03
8.975000000000000000e+03
8.976000000000000000e+03
8.977000000000000000e+03
8.978000000000000000e+03
8.979000000000000000e+03
8.980000000000000000e+03
8.981000000000000000e+03
8.982000000000000000e+03
8.983000000000000000e+03
8.984000000000000000e+03
8.985000000000000000e+03
8.986000000000000000e+03
8.987000000000000000e+03
8.988000000000000000e+03
8.989000000000000000e+03
8.990000000000000000e+03
8.991000000000000000e+03
8.992000000000000000e+03
8.993000000000000000e+03
8.994000000000000000e+03
8.995000000000000000e+03
8.996000000000000000e+03
8.997000000000000000e+03
8.998000000000000000e+03
8.999000000000000000e+03
9.000000000000000000e+03
9.001000000000000000e+03
9.002000000000000000e+03
9.003000000000000000e+03
9.004000000000000000e+03
9.005000000000000000e+03
9.006000000000000000e+03
9.007000000000000000e+03
9.008000000000000000e+03
9.009000000000000000e+03
9.010000000000000000e+03
9.011000000000000000e+03
9.012000000000000000e+03
9.013000000000000000e+03
9.014000000000000000e+03
9.015000000000000000e+03
9.016000000000000000e+03
9.017000000000000000e+03
9.018000000000000000e+03
9.019000000000000000e+03
9.020000000000000000e+03
9.021000000000000000e+03
9.022000000000000000e+03
9.023000000000000000e+03
9.024000000000000000e+03
9.025000000000000000e+03
9.026000000000000000e+03
9.027000000000000000e+03
9.028000000000000000e+03
9.041000000000000000e+03
9.042000000000000000e+03
9.043000000000000000e+03
9.044000000000000000e+03
9.045000000000000000e+03
9.046000000000000000e+03
9.047000000000000000e+03
9.048000000000000000e+03
9.055000000000000000e+03
9.056000000000000000e+03
9.057000000000000000e+03
9.058000000000000000e+03
9.061000000000000000e+03
9.062000000000000000e+03
9.063000000000000000e+03
9.064000000000000000e+03
9.065000000000000000e+03
9.066000000000000000e+03
9.067000000000000000e+03
9.068000000000000000e+03
9.069000000000000000e+03
9.070000000000000000e+03
9.073000000000000000e+03
9.074000000000000000e+03
9.075000000000000000e+03
9.076000000000000000e+03
9.077000000000000000e+03
9.078000000000000000e+03
9.081000000000000000e+03
9.082000000000000000e+03
9.089000000000000000e+03
9.090000000000000000e+03
9.091000000000000000e+03
9.092000000000000000e+03
9.093000000000000000e+03
9.094000000000000000e+03
9.107000000000000000e+03
9.108000000000000000e+03
9.109000000000000000e+03
9.110000000000000000e+03
9.111000000000000000e+03
9.112000000000000000e+03
9.113000000000000000e+03
9.114000000000000000e+03
9.115000000000000000e+03
9.116000000000000000e+03
9.117000000000000000e+03
9.118000000000000000e+03
9.119000000000000000e+03
9.120000000000000000e+03
9.121000000000000000e+03
9.122000000000000000e+03
9.125000000000000000e+03
9.126000000000000000e+03
9.127000000000000000e+03
9.128000000000000000e+03
9.131000000000000000e+03
9.132000000000000000e+03
9.141000000000000000e+03
9.142000000000000000e+03
9.143000000000000000e+03
9.144000000000000000e+03
9.145000000000000000e+03
9.146000000000000000e+03
9.153000000000000000e+03
9.154000000000000000e+03
9.155000000000000000e+03
9.156000000000000000e+03
9.167000000000000000e+03
9.168000000000000000e+03
9.169000000000000000e+03
9.170000000000000000e+03
9.171000000000000000e+03
9.172000000000000000e+03
9.175000000000000000e+03
9.176000000000000000e+03
9.177000000000000000e+03
9.178000000000000000e+03
9.179000000000000000e+03
9.180000000000000000e+03
9.183000000000000000e+03
9.184000000000000000e+03
9.185000000000000000e+03
9.186000000000000000e+03
9.187000000000000000e+03
9.188000000000000000e+03
9.189000000000000000e+03
9.190000000000000000e+03
9.193000000000000000e+03
9.194000000000000000e+03
9.196000000000000000e+03
9.197000000000000000e+03
9.198000000000000000e+03
9.199000000000000000e+03
9.200000000000000000e+03
9.201000000000000000e+03
9.202000000000000000e+03
9.203000000000000000e+03
9.204000000000000000e+03
9.205000000000000000e+03
9.206000000000000000e+03
9.207000000000000000e+03
9.208000000000000000e+03
9.214000000000000000e+03
9.215000000000000000e+03
9.216000000000000000e+03
9.217000000000000000e+03
9.222000000000000000e+03
9.223000000000000000e+03
9.224000000000000000e+03
9.225000000000000000e+03
9.226000000000000000e+03
9.227000000000000000e+03
9.228000000000000000e+03
9.229000000000000000e+03
9.230000000000000000e+03
9.231000000000000000e+03
9.232000000000000000e+03
9.233000000000000000e+03
9.234000000000000000e+03
9.235000000000000000e+03
9.238000000000000000e+03
9.239000000000000000e+03
9.240000000000000000e+03
9.241000000000000000e+03
9.243000000000000000e+03
9.246000000000000000e+03
9.247000000000000000e+03
9.258000000000000000e+03
9.259000000000000000e+03
9.260000000000000000e+03
9.261000000000000000e+03
9.262000000000000000e+03
9.263000000000000000e+03
9.264000000000000000e+03
9.265000000000000000e+03
9.266000000000000000e+03
9.267000000000000000e+03
9.268000000000000000e+03
9.269000000000000000e+03
9.278000000000000000e+03
9.279000000000000000e+03
9.280000000000000000e+03
9.281000000000000000e+03
9.282000000000000000e+03
9.283000000000000000e+03
9.284000000000000000e+03
9.285000000000000000e+03
9.286000000000000000e+03
9.287000000000000000e+03
9.288000000000000000e+03
9.289000000000000000e+03
9.290000000000000000e+03
9.291000000000000000e+03
9.292000000000000000e+03
9.293000000000000000e+03
9.294000000000000000e+03
9.295000000000000000e+03
9.296000000000000000e+03
9.297000000000000000e+03
9.298000000000000000e+03
9.299000000000000000e+03
9.360000000000000000e+03
9.361000000000000000e+03
9.362000000000000000e+03
9.363000000000000000e+03
9.364000000000000000e+03
9.365000000000000000e+03
9.374000000000000000e+03
9.375000000000000000e+03
9.376000000000000000e+03
9.377000000000000000e+03
9.378000000000000000e+03
9.379000000000000000e+03
9.380000000000000000e+03
9.381000000000000000e+03
9.382000000000000000e+03
9.383000000000000000e+03
9.384000000000000000e+03
9.385000000000000000e+03
9.386000000000000000e+03
9.387000000000000000e+03
9.388000000000000000e+03
9.389000000000000000e+03
9.390000000000000000e+03
9.391000000000000000e+03
9.392000000000000000e+03
9.393000000000000000e+03
9.404000000000000000e+03
9.405000000000000000e+03
9.406000000000000000e+03
9.407000000000000000e+03
9.408000000000000000e+03
9.409000000000000000e+03
9.410000000000000000e+03
9.411000000000000000e+03
9.412000000000000000e+03
9.413000000000000000e+03
9.414000000000000000e+03
9.415000000000000000e+03
9.416000000000000000e+03
9.417000000000000000e+03
9.418000000000000000e+03
9.419000000000000000e+03
9.420000000000000000e+03
9.421000000000000000e+03
9.422000000000000000e+03
9.423000000000000000e+03
9.424000000000000000e+03
9.425000000000000000e+03
9.426000000000000000e+03
9.427000000000000000e+03
9.428000000000000000e+03
9.429000000000000000e+03
9.430000000000000000e+03
9.431000000000000000e+03
9.432000000000000000e+03
9.433000000000000000e+03
9.434000000000000000e+03
9.435000000000000000e+03
9.436000000000000000e+03
9.437000000000000000e+03
9.438000000000000000e+03
9.439000000000000000e+03
9.440000000000000000e+03
9.441000000000000000e+03
9.442000000000000000e+03
9.443000000000000000e+03
9.444000000000000000e+03
9.445000000000000000e+03
9.446000000000000000e+03
9.447000000000000000e+03
9.480000000000000000e+03
9.481000000000000000e+03
9.518000000000000000e+03
9.519000000000000000e+03
9.520000000000000000e+03
9.521000000000000000e+03
9.528000000000000000e+03
9.529000000000000000e+03
9.812000000000000000e+03
9.813000000000000000e+03
9.818000000000000000e+03
9.819000000000000000e+03
1.055400000000000000e+04
1.055500000000000000e+04
1.055600000000000000e+04
1.055700000000000000e+04
1.055800000000000000e+04
1.055900000000000000e+04
1.056000000000000000e+04
1.056100000000000000e+04
1.056200000000000000e+04
1.056300000000000000e+04
1.056400000000000000e+04
1.056500000000000000e+04
1.056600000000000000e+04
1.056700000000000000e+04
1.056800000000000000e+04
1.056900000000000000e+04
1.057000000000000000e+04
1.057100000000000000e+04
1.057200000000000000e+04
1.057300000000000000e+04
1.057400000000000000e+04
1.057500000000000000e+04
1.057600000000000000e+04
1.057700000000000000e+04
1.057800000000000000e+04
1.057900000000000000e+04
1.058000000000000000e+04
1.058100000000000000e+04
1.058200000000000000e+04
1.058300000000000000e+04
1.058400000000000000e+04
1.058500000000000000e+04
1.058600000000000000e+04
1.058700000000000000e+04
1.058800000000000000e+04
1.058900000000000000e+04
1.059000000000000000e+04
1.059100000000000000e+04
1.059200000000000000e+04
1.059300000000000000e+04
1.059400000000000000e+04
1.059500000000000000e+04
1.059600000000000000e+04
1.059700000000000000e+04
1.059800000000000000e+04
1.059900000000000000e+04
1.060000000000000000e+04
1.060100000000000000e+04
1.060200000000000000e+04
1.060300000000000000e+04
1.060400000000000000e+04
1.060500000000000000e+04
1.060600000000000000e+04
1.060700000000000000e+04
1.060800000000000000e+04
1.060900000000000000e+04
1.061000000000000000e+04
1.061100000000000000e+04
1.061200000000000000e+04
1.061300000000000000e+04
1.061400000000000000e+04
1.061500000000000000e+04
1.061600000000000000e+04
1.061700000000000000e+04
1.061800000000000000e+04
1.061900000000000000e+04
1.062000000000000000e+04
1.062100000000000000e+04
1.062200000000000000e+04
1.062300000000000000e+04
1.062400000000000000e+04
1.062500000000000000e+04
1.062600000000000000e+04
1.062700000000000000e+04
1.062800000000000000e+04
1.062900000000000000e+04
1.063000000000000000e+04
1.063100000000000000e+04
1.063200000000000000e+04
1.063300000000000000e+04
1.063400000000000000e+04
1.063500000000000000e+04
1.063600000000000000e+04
1.063700000000000000e+04
1.063800000000000000e+04
1.063900000000000000e+04
1.064000000000000000e+04
1.064100000000000000e+04
1.064200000000000000e+04
1.064300000000000000e+04
1.064400000000000000e+04
1.064500000000000000e+04
1.064600000000000000e+04
1.064700000000000000e+04
1.064800000000000000e+04
1.064900000000000000e+04
1.065000000000000000e+04
1.065100000000000000e+04
1.065200000000000000e+04
1.065300000000000000e+04
1.065400000000000000e+04
1.065500000000000000e+04
1.065600000000000000e+04
1.065700000000000000e+04
1.065800000000000000e+04
1.065900000000000000e+04
1.066000000000000000e+04
1.066100000000000000e+04
1.066200000000000000e+04
1.066300000000000000e+04
1.066400000000000000e+04
1.066500000000000000e+04
1.066600000000000000e+04
1.066700000000000000e+04
1.066800000000000000e+04
1.066900000000000000e+04
1.067000000000000000e+04
1.067100000000000000e+04
1.067200000000000000e+04
1.067300000000000000e+04
1.067400000000000000e+04
1.067500000000000000e+04
1.067600000000000000e+04
1.067700000000000000e+04
1.067800000000000000e+04
1.067900000000000000e+04
1.068000000000000000e+04
1.068100000000000000e+04
1.068200000000000000e+04
1.068300000000000000e+04
1.068400000000000000e+04
1.068500000000000000e+04
1.068600000000000000e+04
1.068700000000000000e+04
1.068800000000000000e+04
1.068900000000000000e+04
1.069000000000000000e+04
1.069100000000000000e+04
1.069200000000000000e+04
1.069300000000000000e+04
1.069400000000000000e+04
1.069500000000000000e+04
1.069600000000000000e+04
1.069700000000000000e+04
1.069800000000000000e+04
1.069900000000000000e+04
1.070000000000000000e+04
1.070100000000000000e+04
1.070200000000000000e+04
1.070300000000000000e+04
1.070400000000000000e+04
